 1.00000000e+00 2.77945065e+00
 2.00000000e+00 3.18718978e+00
 3.00000000e+00 2.98671068e+00
 4.00000000e+00 3.48035430e+00
 5.00000000e+00 3.67889932e+00
 6.00000000e+00 3.90635626e+00
 7.00000000e+00 4.55512390e+00
 8.00000000e+00 4.26743947e+00
 9.00000000e+00 4.15385780e+00
 1.00000000e+01 4.35580939e+00
 1.10000000e+01 5.08249783e+00
 1.20000000e+01 5.24991915e+00
 1.30000000e+01 5.44937975e+00
 1.40000000e+01 5.18249651e+00
 1.50000000e+01 5.67682758e+00
 1.60000000e+01 5.29219923e+00
 1.70000000e+01 5.79324966e+00
 1.80000000e+01 5.35859303e+00
 1.90000000e+01 6.01481329e+00
 2.00000000e+01 5.73346167e+00
 2.10000000e+01 5.72403291e+00
 2.20000000e+01 6.67791503e+00
 2.30000000e+01 6.49936674e+00
 2.40000000e+01 6.29834156e+00
 2.50000000e+01 6.06683610e+00
 2.60000000e+01 6.49942715e+00
 2.70000000e+01 6.41838572e+00
 2.80000000e+01 6.81969746e+00
 2.90000000e+01 6.70831850e+00
 3.00000000e+01 6.87627767e+00
 3.10000000e+01 7.27963861e+00
 3.20000000e+01 7.24419321e+00
 3.30000000e+01 6.87109154e+00
 3.40000000e+01 7.19546344e+00
 3.50000000e+01 7.16903458e+00
 3.60000000e+01 7.37548153e+00
 3.70000000e+01 7.15676489e+00
 3.80000000e+01 7.57530981e+00
 3.90000000e+01 7.40404511e+00
 4.00000000e+01 7.48086711e+00
